C1TrueRMS ,C1ACRMS
0.022407247654933928,0.021498714953997838
0.02242589383633434,0.02145717730910302
0.02243016144234345,0.02146355737216013
0.022632967885889674,0.021569717029830515
0.02255160358957743,0.021551046646346765
0.022310895610630488,0.021346318888541525
0.022492934907348765,0.02147267800393363
0.022387864328432094,0.02140929796254317
0.022477271746842813,0.021436288995454435
0.02266626327141688,0.021595313987009954
0.02256842713409136,0.02141580317014259
0.022944591407922283,0.02164417001615396
0.022741210601419957,0.02147627280191571
0.02288647223491257,0.021592090700460937
0.02264034134865445,0.02142672160185965
0.022586385428129015,0.021470576143563135
0.02241241835363235,0.021415559978885893
0.022738557780127157,0.021543323304345864
0.022838845145289662,0.02159585197163402
0.022923133323282857,0.02166912976808386
0.022640762164719153,0.021382489580991065
0.022997608127250314,0.02151124459863355
0.02313943158263689,0.02156157953342059
0.023133988349388235,0.021515514041363353
0.022998330319407654,0.021485418613879866
0.02288883060604565,0.021433605314939284
0.022686231244892902,0.021452793230915805
0.022602587637895622,0.02145838472488884
0.02265071214465672,0.021480704065847463
0.02269907229992894,0.02156593147616609
0.022761110285247816,0.021657228677997815
0.022606261040198937,0.021468966806597923
0.02282849037409029,0.02175003577017174
0.022503343099635986,0.021455498753064687
0.022481177392099823,0.021388141486527783
0.022559990505407475,0.021523576312086654
0.022653228107433258,0.021566881946288075
0.022749345746272114,0.021616767791584744
0.022749228047550262,0.021511800624404716
0.022776221291716126,0.021426354500967883
0.023018801490359436,0.02148744727892953
0.02308560946848314,0.02166265355060692
0.02304107336520662,0.02165948428161407
0.02313404593480223,0.02175950268686847
0.022807803619052457,0.021620043207068916
0.02255737852611288,0.02143384733080352
0.022568569278475264,0.02140737702720021
0.022526037438956602,0.02154824993160642
0.022443876527572095,0.02144778425082353
0.022571066303810543,0.021571968352694502
0.022623728905561018,0.021515002896286897
0.022448236684068677,0.02147242185419787
0.02248620965863027,0.021450495786705003
0.022455054534827216,0.021467118965133515
0.02258266822120809,0.021501620514973428
0.0226921808163743,0.021583455290458846
0.022739174426361048,0.021563560090587762
0.02288746514782214,0.021694369139322336
0.022770808770228433,0.02156483908010741
0.022547467935951877,0.02150220164266053
0.022497593892053084,0.02149200895287433
0.022643832670180063,0.021574938446054175
0.022754367235339523,0.021526381585941976
0.02278179768521695,0.021494948062826282
0.022795440930092937,0.021499878939794034
0.022938634409691617,0.021577507227573692
0.022836570246070848,0.021547765736114485
0.022919836505986405,0.02153178758490993
0.023012075642835427,0.02147224591215534
0.02283104614715489,0.02153412873545999
0.022674294243519293,0.021431136929163062
0.022658841152880728,0.021449961311932424
0.022727761404826935,0.021486452224214192
0.022648903368002012,0.021462569520581568
0.022614617823404855,0.021424555226773202
0.02266334341919899,0.021409066068056662
0.022510631829337373,0.021394568873787195
0.022442538841485803,0.021526065034978937
0.02218097205453063,0.021278663129927055
0.02253620871801158,0.021558469916952653
0.022579271024130654,0.02146353443673241
0.022569265725819382,0.021467860151182884
0.022605408462247754,0.021478321091023343
0.022382742301677968,0.02132580979986279
0.02236197447695932,0.021452853600206614
0.02257953414034098,0.02157428479758127
0.02260652341492278,0.021499406993820133
0.02250268457878247,0.021462792146218674
0.022449790605240258,0.021487762955973096
0.022539152312378536,0.021527120561010672
0.02246502897049095,0.021535888282521003
0.022470039743826258,0.02152170431049605
0.022507084602969695,0.02148327181054245
0.02263500125875103,0.02151920989386135
0.022612840706547527,0.0214228320031904
0.022701526133018644,0.021508812443344176
0.02268653733196004,0.021458701970082802
0.02277459542127767,0.02154899868688584
0.022638536962580214,0.021461961750150797
0.022664719562820703,0.021408483117258067
0.02805957816137756,0.027140213425401672
0.02786006593450336,0.027092799250425386
0.027873147408529406,0.027082476781042992
0.02800877169933636,0.02716568623784469
0.027908705790297722,0.02713284055185504
0.027743106485095523,0.027024724574715893
0.02789263860986871,0.02710198729392017
0.027749451692814498,0.026995254198707325
0.027843147124639988,0.027049837827817023
0.027810849789993264,0.02690249833300439
0.028065769605249438,0.027113960021048336
0.027995165060919352,0.02709311139057268
0.028069367648480278,0.02723290285078964
0.028144987547250606,0.027297512070925525
0.028389537400724175,0.027412218760582162
0.02843308794540748,0.027405598728011314
0.0281126753501236,0.02713041766778193
0.02815056237054176,0.02717236632324101
0.028047804535139668,0.027056419147334525
0.028133476134502174,0.02720129182493683
0.028155386229226476,0.02710865311884498
0.02800508089535487,0.027125762279602252
0.028396547222931137,0.027273769778402613
0.028302148373856254,0.02739983054733614
0.028299750291071357,0.02744596477503538
0.028040723826505364,0.027220784528618154
0.028187616618978978,0.027246900628680636
0.028187539634794284,0.027266106880337124
0.02825452543554764,0.02730425462652133
0.028194950466718216,0.02718124397968062
0.028062453177364517,0.02714484446933178
0.028063308407306784,0.027100393154598054
0.0279717859353782,0.027166027993722173
0.028114842447152285,0.02719047130345235
0.027969862703471002,0.02708008896407665
0.02814421254353913,0.027182346063144604
0.028173731441478434,0.027114748618932018
0.02805981274515206,0.027174960876330388
0.028050045883053543,0.027135095187097925
0.028122062724488722,0.027235752145482676
0.028104625180291443,0.027149228949742834
0.02793467334741912,0.02707466171588895
0.027932441171991652,0.027106308606271775
0.02774491694955799,0.027092340069668822
0.02793113318748756,0.027310817987270822
0.027710039795319125,0.027113304523728694
0.02777015502225593,0.027129294167699144
0.027662742669107506,0.027136575403724
0.027625713310799393,0.02707162740548685
0.027686600345706018,0.02710882566036224
0.027803451787764853,0.027165839537670024
0.02800543608051943,0.027135261757593062
0.027910650253629158,0.027118876020439706
0.02782285805398813,0.02704812699630262
0.027683296454663817,0.026971491699486913
0.0275218415058193,0.02683249240368138
0.02774370836377139,0.027013023889355232
0.02800268613023159,0.027107682796887668
0.027718705122573736,0.02689998931117939
0.02778582665857235,0.027042060049019517
0.027629720776079964,0.026997282033171848
0.027636824734670776,0.026905889590680354
0.02778886765072139,0.02706056344275745
0.027831664898488883,0.026790922481465532
0.02767524845273342,0.026840520144068052
0.02767063244818449,0.026755020808898626
0.02764238223997358,0.026926144652240896
0.027743371814158695,0.02686202983294832
0.02790678745390125,0.02682396665279
0.02783876201623931,0.026795243263296423
0.027880616424744393,0.026863721837969506
0.027746678585808263,0.026721028022800363
0.027933568608759035,0.02683022086931589
0.027713480957920283,0.026810598125175472
0.02777580481554287,0.026854496459510727
0.02793171788999301,0.026910735483550274
0.027952981368151348,0.027145999800156608
0.028061324041914203,0.02705595103770536
0.027904820991944697,0.027002576741505163
0.027688218525963808,0.026751400762851565
0.027857650955469573,0.026914468933188315
0.027857242646356,0.026829266128015797
0.02791633220184637,0.02690241549488055
0.0278747910898497,0.026831020725797256
0.0277789094406044,0.026735858778358573
0.027908211184108658,0.026848643857096306
0.02796075941525131,0.026901982664189184
0.027770527492177295,0.02690342122616324
0.02776135858040338,0.026885726936652074
0.027692597999644433,0.026890298270693943
0.028002964714493147,0.027057756884017112
0.027875196590427778,0.02693588025855085
0.0279749799498919,0.026975715452088697
0.027927694620426227,0.02697694932844043
0.027836961337121123,0.026793372453403384
0.027835736046970986,0.026844585398405053
0.027716848710332594,0.026734184468487705
0.027936250017093992,0.02696916466795715
0.02798948067790188,0.02691965445643351
0.02798767182045571,0.026994819894702902
0.02797353880307541,0.02703175666721466
0.027821743675438815,0.026793542305434945
0.027695412996959736,0.026923998942442722
0.027806398893033664,0.026900381077757263
0.027682480305236082,0.026852848828675516
0.02782698654960757,0.02690838306517477
0.02780545386014295,0.026935311100679794
0.02772342113918053,0.026873331868786772
0.027699412249890306,0.026846728216749553
0.027855268920268978,0.026868424545741
0.027760152534962806,0.026859428444484506
0.027878062469416053,0.02692277529132101
0.027916555077018845,0.02691549453847125
0.02795691164905101,0.02695797030356931
0.02786554283385695,0.026985983660812382
0.02804830316717181,0.027024459778998883
0.028258633398113145,0.026965177789055838
0.028138752006955942,0.026828830060710976
0.027983578832823403,0.026839006549660108
0.02802597086867016,0.026978414104347898
0.027944200846734105,0.026982273588484318
0.0279160523200987,0.0268215200343739
0.027965880397247633,0.026870253326116464
0.027866670858659792,0.026858138230767662
0.027869005936639133,0.026964973859936972
0.02792110430269066,0.027003210411992683
0.02787535773332567,0.026927363972785917
0.027854560256388033,0.02693820436541354
0.027860578093638937,0.026882307717554798
0.027760098901940845,0.02687288230031061
0.027809324751126824,0.027011266751748787
0.02780438322938844,0.026995857554603545
0.02792651224933149,0.02699162153069906
0.02783404185213455,0.02702250543406243
0.027928280089646297,0.02701312139527514
0.02798839658399377,0.027021593628031207
0.02796758600492877,0.026893411215404426
0.027813907637001315,0.026851953043194387
0.027690496903585812,0.026834772893409558
0.027976741193428033,0.02692229784623674
0.028019028779302124,0.0269372322461373
0.028041876874963578,0.026982836056155413
0.02809497001448959,0.026993011337800587
0.028100658497372547,0.02697678923165184
0.02810613295139471,0.026919690764911137
0.028185227480899522,0.027022439445060956
0.028211372969191576,0.027056920651803075
0.028217565755796176,0.027077461219407305
0.02821786165854572,0.027131379267958725
0.02830931495681134,0.027102516903114784
0.028370439041673686,0.027159139747636212
0.02821245934835439,0.0268896913325852
0.02813277002012913,0.027047526160017252
0.028173988093816552,0.02691603782001545
0.028107088205919627,0.026962445509991263
0.02783141513853602,0.026945729728864443
0.028000679773424693,0.02708867638416949
0.02792330845942699,0.02713727794243677
0.028089033896793136,0.0270905144871957
0.028068907228962724,0.02719846166162295
0.028258407167221063,0.0274722008613959
0.02823338436396096,0.02744646128708729
0.02860869416178133,0.027705825511421058
0.02659200299275863,0.02513278191300904
0.026510663044064204,0.025081719951982658
0.026280418771550046,0.024963771520589432
0.026430218578486063,0.025090065008069214
0.026497457986313006,0.02499881566861319
0.026411420687237272,0.025050424687211775
0.026247146199654205,0.0249575877101903
0.026215165605321406,0.025041803597240814
0.0259800189776714,0.024969380550909567
0.026128344336263053,0.025062740067071883
0.02608668170441481,0.024966495393522296
0.025872004877545124,0.024991780044232227
0.026079885494684037,0.025108865167615853
0.026173284624111406,0.02526072422044918
0.02595417534695356,0.02508308949342902
0.026029006719560804,0.025122625107106826
0.02604609454966423,0.025132482737883988
0.026143319519650616,0.02509583163179851
0.026219365262399662,0.02510305833623629
0.026173745638247613,0.02499661741191421
0.026280502443605823,0.024986048185596906
0.02610280477086294,0.02485754729386774
0.026154478097927245,0.02501097030425515
0.026494894104674743,0.02536360204133746
0.026850017340107103,0.0256844269637963
0.026790468178045874,0.02568804420943275
0.026672609157370714,0.025681141028484775
0.027149746887297214,0.026137927301137707
0.02715849106521798,0.026088951540046777
0.02757207479474814,0.02658219463586178
0.027284636756901248,0.02634761692866009
0.027358418539724615,0.026526307539341498
0.02737484027281076,0.026461242936349265
0.027448293764896062,0.02647552973204385
0.027426744508179505,0.026488698696602603
0.02743145116909552,0.02645224823866603
0.027462133653395674,0.026596510416419656
0.027523060268906305,0.026570078570390263
0.027600831132644006,0.026543460890086003
0.027658168553280956,0.026627714248533295
0.027554042915974162,0.02658391779823674
0.027529717978298746,0.026429216867423458
0.027351206919161944,0.02643918738746638
0.027474901878105838,0.02650718276469366
0.027513272614674757,0.026529160349037413
0.027479301264604232,0.026481829622884406
0.027408615258658914,0.026482862867886495
0.02737947483871909,0.026437928941879463
0.02742799281620952,0.026440831223105334
0.027467344042536916,0.02643888556008924
0.02740232764303826,0.026479004058716046
0.027395520114764926,0.026445041253717903
0.027447140243053485,0.02647421026954142
0.02718220411761105,0.02640377103691503
0.027268353372357824,0.026447303835332957
0.027330496988970245,0.026569206326931227
0.027121846052880517,0.026404688650994577
0.02731167882622914,0.02643433983476483
0.027385296273453597,0.026478270365675606
0.02739883195363954,0.026438182006724546
0.027488819370219315,0.02642321437769078
0.027496824955395467,0.026501762573202067
0.02749745344489247,0.026523406921130668
0.027657494155942063,0.026664202001313458
0.027420159927292506,0.026443761917691835
0.02768738675991615,0.026663250055163904
0.02750407702890268,0.02656367719555112
0.02759010358322416,0.026497228069649544
0.027439124029028802,0.02648189728249823
0.027601463543945857,0.02662666429095372
0.02746294414475335,0.0264000518542793
0.027497070740805152,0.02648721979124432
0.027637110231917224,0.026531204515395552
0.02748949001216489,0.02644145312744086
0.027482074239135488,0.026463572209173548
0.027370091942996985,0.02647443275198936
0.02731985038870996,0.026439142831808853
0.027356330997740222,0.02641651423433269
0.027310629845412226,0.026339476360231102
0.027280146937154,0.026338952212356718
0.0273139083699737,0.026343865487477938
0.02733418268648663,0.026537965750245578
0.02704707221321187,0.02638682821313066
0.02725083038894511,0.026422298754044293
0.027436973468720996,0.026520613608564933
0.02733908343198763,0.0263778575590516
0.027392208271696996,0.026466002513381104
0.02719615933452985,0.026322377423487444
0.027219402780403884,0.026275177406431476
0.02716210547902389,0.02633671876264814
0.027093447853059706,0.02633286613951228
0.027208456833947837,0.026436634479090882
0.027440678123406868,0.02661136671333278
0.02742184588814245,0.026612170530295687
0.027705654374324148,0.026806640841321238
0.027528877528423076,0.02665566013189265
0.027454509950765874,0.026692414825147916
0.027321710213065942,0.02659524524220659
0.02726415058884942,0.026651899355079528
0.027937775700768795,0.027098990047525782
0.02253933427505064,0.021509575847153538
0.02271267150041709,0.021592363326551327
0.02274911935877132,0.0216022637812363
0.022797269862600913,0.0215843505440416
0.022802892708203647,0.02161197668531055
0.022837394609896058,0.021578565530584192
0.022862741881768404,0.021503668969621942
0.02273352288165458,0.021545471328382384
0.02294462776671391,0.02160512385625253
0.02288064357742465,0.021496987110045097
0.022857543517148922,0.021520713242330052
0.02293939598154938,0.021482864840487084
0.022887539679637706,0.021609826895131325
0.022848745006475726,0.021496608058228017
0.022805507279044516,0.021443297668387575
0.02280075687511075,0.021559145998791863
0.022897539056628193,0.02154228925085608
0.02303286607393106,0.021569989498997473
0.023090155706218383,0.021582307871212757
0.023023091987063603,0.02160118516248973
0.023027754906411492,0.021605322298875334
0.022882827640275914,0.02145748848852863
0.02296101591489848,0.0215999967631748
0.023094350886728027,0.021752494865772125
0.02262967386474902,0.021428980147536577
0.0227810652954807,0.02160591939531615
0.022921208716801852,0.02161603804761803
0.022829957790316983,0.02153567788681282
0.022706455250159782,0.021447644763070234
0.02246295418068814,0.02141442137486639
0.022698129570995988,0.021601692724498498
0.022739186514420126,0.02159239997808651
0.022700756155455255,0.021509371651806403
0.022721852932856862,0.02155600768723182
0.022775259260983928,0.021611994838733745
0.022866389729955288,0.021564440161598832
0.022490619177628506,0.021489873609038784
0.0226921877226201,0.02156016816570128
0.022807611111991238,0.02158589316190932
0.022810511278968073,0.021441252164517543
0.023028885742070394,0.021668881362467394
0.022901467414615326,0.02152145127948092
0.023042147250627636,0.021625816012107613
0.023158582636769776,0.021628667088103244
0.023021528846571607,0.021444009758974293
0.023185416476294785,0.02174319764507742
0.0230832759002167,0.02155494528173996
0.023114363269742273,0.02162922229250881
0.023010125102293333,0.021500110775018663
0.0229214972545993,0.0215693774929145
0.022929507866281135,0.021536641861988254
0.02300473936654318,0.02155801282593332
0.023032568985643587,0.02151327053916628
0.022869089716305968,0.021501271118401024
0.02318794153985542,0.021549570529504642
0.02321371604904625,0.021535433984522928
0.023117869724525165,0.02162461762419647
0.022846004041433842,0.021517335611810132
0.02305088219149203,0.02176312905402838
0.023094315023579996,0.021651396090947954
0.023042141967601844,0.02178613742674725
0.023092024048477877,0.021581557700895093
0.022955388526614988,0.021556601078032717
0.022981000621051312,0.021693997409929628
0.02263327203038988,0.02161403421522774
0.022611030874899154,0.021610168944248543
0.022748653328332084,0.02157053183610539
0.022757758794747524,0.021486712625554776
0.02278270631502831,0.02157984900408823
0.022615382896892675,0.02134235584728759
0.022981995743217045,0.021604995032782945
0.0226519477547854,0.021500358834753187
0.022815615369630792,0.02157842993189718
0.022743918452694054,0.02157866379668235
0.02269929472571221,0.02162321301693612
0.022676910778531893,0.021562552954558528
0.022651277694850973,0.021616414061609513
0.022727723586614266,0.021688034629856245
0.022782192818967536,0.02171237421058181
0.02279462795532685,0.02167267632074732
0.022797522794994217,0.021694327507827987
0.022749654640005147,0.021548929850456824
0.022751294003962613,0.02151662494310451
0.02283331505007382,0.021618890318773277
0.022897792039498203,0.02163152782568188
0.023080975370456072,0.021824253749034017
0.022943842671449197,0.02171750689828161
0.023024180797636493,0.021759811042620418
0.022954778530389824,0.02171641155583066
0.02339394790278089,0.02219189594894535
0.024069794784496962,0.022827664962521137
0.024214872081661974,0.022971266554981492
0.023970470091303805,0.022789577355946077
0.024169267906920887,0.02286434831639144
0.02401398439430301,0.022821483608370826
0.02450050167216469,0.023175024792676302
0.025383888267927132,0.02399502543505796
0.02615752941352778,0.024731142699177974
0.026436832247786732,0.02491682775496039
0.026310080701224505,0.025123516363179846
