C1TrueRMS ,C1ACRMS
0.028016049690592935,0.02692389415926479
0.028150829598608793,0.027090951559907317
0.02777303256347437,0.026949117627702208
0.027806426597096284,0.02689934560373672
0.027680647726590006,0.02679560523044152
0.027940266532497073,0.02698245292886533
0.027884989674665787,0.026875645845501346
0.028044338191674956,0.027046027042590643
0.028077682712861825,0.027160943546900046
0.028196794897133802,0.02723084865067023
0.027925529189872875,0.02700326801457296
0.02779658323770097,0.02692070420022459
0.027638320602252013,0.026855303981708767
0.027796702854574633,0.02700478590705834
0.027620626110335764,0.02683621355708921
0.027730574088151053,0.026940573970471164
0.027734071605684172,0.026939761376222192
0.02772037531658381,0.026932718835109073
0.02765772487239742,0.02687724817355421
0.0275142301395411,0.026790768509504605
0.027653832325381364,0.026839539478620923
0.02766111309864236,0.026850287400780017
0.027932019886752892,0.027123415143773852
0.028016356802072002,0.027086836142098874
0.02825522121031735,0.02735182349147787
0.02779666416801347,0.02699966964547508
0.027793191356062712,0.026890744578459528
0.028083688583933824,0.02718796540911444
0.028143624328150138,0.02726923479522745
0.027834531537456637,0.027080344166219603
0.027720205575475824,0.0269911058378555
0.027784089195271283,0.026949903526155967
0.0278966142558427,0.02702605874821046
0.028047190012423256,0.02715037976678893
0.028325087517926038,0.027398949399223733
0.02820075164681862,0.027192357574762623
0.028310695067247232,0.027281603527967723
0.027986133111404965,0.026985420559592382
0.02789860964410063,0.0269346885738015
0.027781483578646685,0.02691218654153769
0.027835934622132744,0.026956572697162173
0.027649481724728427,0.02683942297398525
0.027800329519493888,0.02701423630610388
0.027862050872822477,0.02698063307647904
0.027968311074336956,0.027027549102184866
0.02778924494568223,0.026836753548996277
0.027956988922744376,0.02686555547098312
0.027768159082359165,0.02678515596859913
0.02790405348830348,0.026837904392914596
0.0277508603813521,0.0267512150318711
0.02784594430278403,0.026830622244924163
0.02792206303682046,0.02693803531572766
0.028050659440386816,0.027005836952641048
0.027957101944748555,0.026850664639036306
0.02803304790787296,0.026926071173931542
0.028066419715713376,0.026932002262264283
0.028061579574563116,0.026899089745967185
0.027992077269941622,0.027004694183106488
0.027851328926490632,0.02695071122829857
0.027625527405424018,0.026793225274589764
0.027695132058311516,0.026892907928379464
0.02773004378754133,0.026875923309114542
0.0279311038335603,0.026891041853701086
0.02786049964211395,0.026764217953819953
0.02791426820138954,0.026851991448557697
0.027831139123911334,0.02681688714204713
0.027846802762891264,0.026886268756224112
0.027753892391545243,0.02686670488377379
0.02780250838631726,0.026904967695704857
0.02782861220989966,0.0270113259077957
0.027990183816621876,0.026999647726245135
0.027854466857231055,0.026953247580499832
0.027679659942351848,0.02683824498761876
0.027800989957013824,0.02688554388990241
0.027787955164950064,0.026860013232107172
0.02772024040893027,0.026756264287128115
0.027716553114512075,0.026832227394659857
0.027750016245274033,0.026874944777963383
0.02780798734482287,0.02684472233459066
0.02792070763057983,0.027029549675837976
0.027695385615335747,0.026726100152667492
0.02780847415074864,0.026898976915272106
0.02771070412209613,0.02668859821756714
0.027836499282997508,0.026838801281867993
0.027915798132714383,0.026959422443180604
0.027548772474307197,0.026727899496133734
0.027820686931316806,0.026837758457718353
0.02777525250565738,0.026904827961696992
0.027645078196766,0.0268541095719697
0.02766146855983338,0.026824493367916265
0.027661379258757546,0.026789579433824852
0.027601688613035302,0.026737229431840738
0.027834530366229005,0.026881824906350094
0.027779462851332107,0.026895572087104625
0.027547243997314407,0.026684381824979942
0.027470120859552517,0.02667940203756436
0.027564576012315194,0.026675330071679566
0.027609360708811134,0.02671148047037628
0.027642605665661353,0.026834015779464943
0.027667386259768084,0.026727665150599104
0.027517922463204576,0.02660625978979116
0.027567759876483335,0.026597519697291183
0.027823682430964825,0.026797322893976374
0.02746992288762463,0.02657703805088464
0.027949723070216512,0.026996608565783734
0.027759455078445214,0.026808698193442806
0.027812199107399065,0.026898203454944845
0.027481017813742466,0.02654077138861369
0.027486821821434835,0.026559827716308663
0.02762100723201662,0.02671547365127351
0.027633692670156158,0.026733795977142278
0.027662272819877532,0.02678643192900465
0.027659929094269963,0.02677443596980107
0.027478358935248443,0.02667821980277131
0.027403076688395422,0.02669232244041909
0.0273540144328379,0.026668183679832303
0.02759172943860944,0.02678137968297965
0.027626989716505804,0.02668209123346072
0.02767043922259639,0.02671053865104316
0.027805773224516373,0.026896066208857757
0.02769145935497838,0.026729381735448487
0.027847659680386792,0.026828510964598474
0.027711071389966854,0.02672051580967513
0.027897271635827756,0.02686135218101675
0.027987702789724418,0.026830071710806865
0.028027712906424664,0.026833176420824605
0.027971663919031605,0.026848606784008192
0.028017725695508436,0.026925378274976743
0.027766741717118862,0.026748539236483685
0.027790040736826654,0.026902174560802104
0.027657823643496185,0.026865242368605376
0.02787139432351431,0.026949307171661586
0.028135028038888243,0.027262091688514265
0.027941723893914614,0.027115424842607986
0.027750434863915478,0.026935596381567454
0.027788608305521476,0.02683985356098639
0.02785077508237048,0.026777216454471578
0.02788599845934881,0.02685255569191019
0.027634029508182355,0.026852973835432715
0.027568575312231756,0.026796788470819687
0.02765690679106606,0.026710885226215588
0.027655178972055126,0.02680039800244001
0.027770009112539483,0.026955314911265862
0.027746008686825883,0.02684233019504733
0.027683686032264784,0.026804817822358454
0.02759187733858041,0.026844777203844768
0.027705386072422615,0.026886040012893412
0.027556429028864945,0.026730822108402427
0.02770851116214069,0.026836154136643687
0.0277671931243372,0.026891867630937857
0.027794557925376856,0.026810301083919776
0.02780093076418256,0.02674814677486345
0.028131293030864698,0.027115082008879632
0.02795977156806075,0.027087552820680122
0.028070646603563815,0.027230946904642485
0.027789664926168658,0.02696726995147963
0.027763557657504326,0.02677667709007522
0.027640600168769378,0.026731102841682924
0.0276362884460972,0.026699339021632698
0.027674959816439238,0.026762591146384247
0.02777922212478125,0.02689076466744403
0.02781106939209725,0.026877933711531247
0.027816820960097462,0.02693299013313443
0.02770007566045596,0.026842932311346122
0.027754245534273626,0.02674197501946051
0.027827555940873293,0.02678525504266949
0.027644245611587383,0.02667997555763235
0.0276206702798158,0.026702509640346726
0.02799741389310978,0.026895249080904578
0.027981339443851255,0.026978710164079062
0.02783172835697402,0.02686149261576802
0.027686036541981377,0.02674479638192407
0.02790149614693502,0.026804151420551356
0.027877701942177868,0.026888963660849335
0.028000630690187555,0.02697145458351057
0.02782850628906392,0.02685974586716207
0.027774450603899204,0.026743924848969477
0.028085143307393298,0.026934371015789795
0.027980783693262637,0.02692228297045131
0.027946457534172464,0.02692490411833146
0.02811300340165725,0.026906716579952392
0.02797930453921669,0.02679933674584171
0.028049018370067735,0.027094928532457815
0.028041310759479587,0.02695082789514259
0.02802310867294079,0.027022029249129477
0.027887088524088163,0.026940111646204294
0.02776190886543071,0.026863129511663628
0.027859641215931458,0.02686838221256542
0.02776952857717532,0.026765343099368823
0.027955096931168627,0.026890458351461616
0.02773721723772254,0.026858354392732844
0.02771839066853779,0.026767875859318748
0.02771721654941208,0.026788984021537156
0.027770283127773465,0.026827172866566926
0.02791709280293511,0.026937805194745153
0.027671953880929346,0.026782052199534705
0.02763490615367614,0.026718666749465818
0.027734852504059576,0.02680806928739336
0.027770210369488294,0.026818135885886395
0.0279852767716868,0.02696343770066198
0.023885091720862867,0.023124543093130914
0.02390015579227736,0.023015771518241888
0.023932717785644604,0.023046930369065407
0.02389837827186133,0.02292122542726875
0.02388905984478326,0.022981074761964156
0.023990992440132784,0.02306078449292476
0.024055766000243544,0.023065854292940113
0.023797739036399514,0.02294569913671508
0.02408269460643926,0.02322965796915279
0.023796710039685337,0.022970262965221845
0.02377428634106332,0.02305796672837184
0.02361557327418932,0.0229353615303293
0.023770686377679144,0.023027909290782533
0.023796853409262887,0.02300569790565525
0.02474586044664237,0.023940181268634342
0.02510447260826872,0.024198962966222048
0.02515690071535091,0.024172510948335786
0.02524514791186095,0.02419216060314577
0.025208897512164194,0.024165629442477892
0.02501479841153638,0.024090959290498586
0.025237152100659042,0.02426314174326773
0.025317953074763186,0.024237545743341884
0.026164791054192848,0.025140985446158053
0.026086988238647205,0.025184524322027793
0.02617507291016978,0.02511569776314085
0.026123764697635422,0.025138419639965798
0.02616445350304107,0.02519150399443942
0.02627156749997915,0.025361567383215974
0.026268644437144793,0.025282970001878673
0.026195394823112575,0.025219203725133043
0.02627323888026737,0.025241868880697255
0.026194554959176244,0.025188790214012505
0.026030943578881985,0.025166698743753046
0.025845899270611386,0.024995217823445527
0.0260374417007989,0.02503713283340016
0.025913588419475126,0.024934432562276034
0.02590960939743582,0.02501725235178151
0.026065690805486603,0.025077936068406276
0.025903984088299886,0.025037874884005756
0.026084403603821464,0.02508480892581389
0.025853429597778043,0.02491370516974499
0.026587043575472143,0.025591497770577457
0.026701466093743003,0.0257577209815452
0.02647074647906246,0.025667449689857277
0.026311786194035527,0.025555633812260187
0.026392801166814306,0.02557363455997021
0.02642643513911577,0.02564034351128581
0.02644067124882911,0.02562119400711754
0.026753584576989516,0.0257264463033925
0.02646730443371413,0.025525950032230866
0.026636217091172098,0.025661901766960902
0.026394970118561227,0.025531951829210114
0.026455259107938507,0.02559781373210628
0.02641348651806409,0.025732504444405935
0.026365724782154043,0.025638401667580246
0.026600523130262357,0.02566282407861058
0.026433592804235496,0.025622846443588025
0.026253363234926202,0.02545590265984686
0.026607215219694006,0.025804765173144308
0.0265348992477167,0.025760956131116525
0.026431713957458584,0.02566436988559833
0.026449234662279605,0.025718321536307952
0.02636701564198082,0.02565994667442294
0.02634926855772852,0.02572248782047409
0.026846327774517106,0.026126739515091278
0.027043831727827084,0.026306791420069392
0.02723406881384262,0.02645815366820588
0.027191587960586672,0.02649375159059638
0.027142428794684405,0.02655137944025795
0.027410385891744365,0.02673041726173056
0.02751453960838858,0.026778455702952248
0.027376677207192973,0.026751976566824764
0.02724301856175752,0.026563194374902337
0.02719018909040081,0.026501984755083762
0.027100480152959166,0.026468269213758593
0.027172455048796663,0.02648275286957991
0.027397148671597395,0.026576010386025407
0.02730634116292031,0.02641326380549415
0.027247498880162528,0.026476375560089162
0.027156122198248752,0.02643841209057413
0.027113857716966235,0.026434529771276024
0.027345672547835286,0.026603198919638648
0.0273768474924549,0.0266488065405739
0.027521722226962086,0.026701710284548315
0.027247134389641887,0.026434592119936713
0.027273472375108895,0.026471178404946557
0.027167611618051028,0.026499394481246715
0.027234757947012855,0.026560060163737822
0.027374675699982465,0.0265601852468529
0.027438324168945573,0.02657680128530594
0.027546477559993208,0.026585044682238684
0.027403373113731613,0.02657118970238796
0.027511521139338208,0.026653288904449353
0.02749544656972594,0.026578352562064745
0.027594231211023324,0.0266346444865963
0.027545174311886862,0.02669826077568063
0.027402794995583474,0.026582735732670667
0.027338924376318956,0.02646119906531584
0.027383291524226912,0.026510427306239332
0.0277110748476889,0.026179533648343432
0.02268210217599507,0.02170532594227438
0.022774352716872472,0.021617936073233198
0.022737038229283343,0.021648236626200298
0.02248772471759118,0.021650429217347653
0.022556667444421943,0.021666087728021734
0.022537234607195162,0.02159980366831538
0.022553233991286836,0.021629884559372866
0.022735166909644285,0.021641915266835322
0.022696748867020226,0.021636203174079643
0.022820347362056084,0.0216677294912777
0.02305821299039542,0.021896156996599647
0.023263882001868044,0.02194244344875433
0.023178756712794797,0.021849134169400493
0.02289653942171789,0.021670147382465383
0.022649842665994162,0.021699797021510425
0.022567961594953636,0.021661159012718298
0.022729113549163533,0.021838283749579104
0.022558180922372315,0.021658876499458052
0.02252758294403733,0.021649504626013682
0.022728349755447682,0.021634026493536327
0.022711145545477988,0.02159576271852164
0.02268993515271977,0.021556610767067837
0.02273931629889228,0.02158446817466832
0.022431654703506977,0.021515116976521687
0.022461053586820996,0.021574261800237637
0.022522269536768072,0.021486449775061093
0.022823587030593954,0.021719383571309665
0.022793477723826065,0.02174121009213284
0.022685440130221928,0.02159781370437665
0.0228019845149406,0.02178841123754844
0.022701239951580923,0.021668621488927262
0.022747190576782608,0.02166121731823885
0.022632220398518078,0.02157766969668533
0.022702664086097522,0.021710037653393667
0.02256735549460981,0.02158193997195474
0.022566562562644492,0.02166458026516578
0.02275828312077102,0.021595005738132705
0.02279354552871408,0.021679471306521533
0.02261037005198653,0.021625536639586346
0.0225575034260776,0.021614355234214656
0.022490355344709192,0.02158386672842719
0.022471489796796324,0.021555980876037183
0.022471863239334606,0.021548504436921388
0.02270660226630199,0.021649684158472696
0.022521179961795583,0.021500996825021795
0.02269537663093845,0.02163933879067672
0.022664600044189864,0.02160075512668868
0.022573600328078584,0.021513308230884553
0.022477117869736746,0.021517948946386745
0.022650707302144545,0.021578841900481947
0.02260961904457435,0.021603539993158043
0.022361003627563703,0.021586187858791284
0.022518852843585044,0.021611444920579304
0.02262826815388164,0.021599931337653405
0.022572150214139913,0.021699760588969125
0.022458339813411568,0.02165233171254642
0.022401142007469694,0.021563029132463423
0.02267554893267978,0.02164128086538089
0.022799873976190033,0.02163883258299672
0.02283210958391083,0.02165762395204459
0.022653661988353377,0.02152762172576467
0.022805136658998845,0.021708297258033697
0.022646462838114313,0.021589892397231435
0.022605030400338875,0.021579816414402007
0.022600578287154626,0.021589469278839094
0.02254227617914924,0.021625914964225758
0.022639320453085254,0.021598499849210365
0.022696821900408972,0.0215477808104446
0.022725886935182713,0.02160139861211374
0.022709079493916224,0.02165042483189742
0.023000777387450867,0.0217633294720474
0.02284017376678364,0.021544600773389825
0.022908052019910738,0.021618922929752052
0.022723188076445355,0.02149435062136667
0.022837846741428906,0.02165067356232212
0.022795831172609735,0.02161741083338372
0.022603756811727854,0.021581860093287088
0.022622554797724,0.02164652309170717
0.02267666059626834,0.021666871605478828
0.022543264250014534,0.021557300148791075
0.02260584390292268,0.02165873505158287
0.022770345355678692,0.021681622940147957
0.022738757818113974,0.02169095095861125
0.022663061595476167,0.021474617688533044
0.02270382321905791,0.02159525580579591
0.02279867805724711,0.021609049344332814
0.022848865411484516,0.02165744224394339
0.022757496469119416,0.021533861926685372
0.022845040675301433,0.021749923484778506
0.02275446207373295,0.021754528515540432
0.023077341697822003,0.022064687637790285
0.022845346851654576,0.021832952104644657
0.022633888242892038,0.021649022850608223
0.022634956946715485,0.021624477956584003
0.02289986307172849,0.021698934881095058
0.02287369801661987,0.021657550996811572
0.022961507562745575,0.021710031809654775
0.022797695238709795,0.021609227400630825
0.022673185283450747,0.021577376471542814
0.023017602529803075,0.021722357716974266
